12 53
-0.035231 -0.030401 -0.039847 -0.040657 -0.047913 -0.053638 -0.047222 -0.060165 -0.047642 -0.036968 -0.038277 -0.029223 -0.008589 -0.009745 0.006326 0.009271 0.009794 0.012497 0.004486 -0.004823 -0.007665 -0.017857 -0.032743 -0.018497 -0.009211 0.001906 0.001142 -0.000397 0.002479 0.002340 0.003962 0.012202 0.019265 0.016753 0.006279 -0.017561 -0.003767 -0.023519 -0.040187 -0.048297 -0.041452 -0.022187 -0.021243 -0.007811 -0.015905 -0.024778 -0.031174 -0.023401 -0.026503 -0.012695 -0.027122 -0.046039 -0.060096 
-0.054240 -0.053374 -0.066256 -0.067602 -0.076273 -0.075098 -0.067189 -0.076417 -0.063669 -0.052498 -0.052110 -0.045671 -0.028724 -0.024346 -0.005302 -0.006889 -0.007815 -0.004845 -0.007750 -0.017147 -0.022150 -0.028279 -0.040523 -0.023406 -0.016918 -0.000069 -0.001762 -0.000247 -0.001973 0.001184 0.003923 0.011564 0.018360 0.021660 0.013160 -0.012406 0.004188 -0.011298 -0.027731 -0.039251 -0.025488 -0.008413 -0.013493 0.000881 -0.006368 -0.009563 -0.019312 -0.014704 -0.021763 -0.004065 -0.022231 -0.042188 -0.056580 
-0.054240 -0.053374 -0.066256 -0.067602 -0.076273 -0.075098 -0.067189 -0.076417 -0.063669 -0.052498 -0.052110 -0.045671 -0.028724 -0.024346 -0.005302 -0.006889 -0.007815 -0.004845 -0.007750 -0.017147 -0.022150 -0.028279 -0.040523 -0.023406 -0.016918 -0.000069 -0.001762 -0.000247 -0.001973 0.001184 0.003923 0.011564 0.018360 0.021660 0.013160 -0.012406 0.004188 -0.011298 -0.027731 -0.039251 -0.025488 -0.008413 -0.013493 0.000881 -0.006368 -0.009563 -0.019312 -0.014704 -0.021763 -0.004065 -0.022231 -0.042188 -0.056580 
-0.054240 -0.053374 -0.066256 -0.067602 -0.076273 -0.075098 -0.067189 -0.076417 -0.063669 -0.052498 -0.052110 -0.045671 -0.028724 -0.024346 -0.005302 -0.006889 -0.007815 -0.004845 -0.007750 -0.017147 -0.022150 -0.028279 -0.040523 -0.023406 -0.016918 -0.000069 -0.001762 -0.000247 -0.001973 0.001184 0.003923 0.011564 0.018360 0.021660 0.013160 -0.012406 0.004188 -0.011298 -0.027731 -0.039251 -0.025488 -0.008413 -0.013493 0.000881 -0.006368 -0.009563 -0.019312 -0.014704 -0.021763 -0.004065 -0.022231 -0.042188 -0.056580 
-0.054240 -0.053374 -0.066256 -0.067602 -0.076273 -0.075098 -0.067189 -0.076417 -0.063669 -0.052498 -0.052110 -0.045671 -0.028724 -0.024346 -0.005302 -0.006889 -0.007815 -0.004845 -0.007750 -0.017147 -0.022150 -0.028279 -0.040523 -0.023406 -0.016918 -0.000069 -0.001762 -0.000247 -0.001973 0.001184 0.003923 0.011564 0.018360 0.021660 0.013160 -0.012406 0.004188 -0.011298 -0.027731 -0.039251 -0.025488 -0.008413 -0.013493 0.000881 -0.006368 -0.009563 -0.019312 -0.014704 -0.021763 -0.004065 -0.022231 -0.042188 -0.056580 
-0.054240 -0.053374 -0.066256 -0.067602 -0.076273 -0.075098 -0.067189 -0.076417 -0.063669 -0.052498 -0.052110 -0.045671 -0.028724 -0.024346 -0.005302 -0.006889 -0.007815 -0.004845 -0.007750 -0.017147 -0.022150 -0.028279 -0.040523 -0.023406 -0.016918 -0.000069 -0.001762 -0.000247 -0.001973 0.001184 0.003923 0.011564 0.018360 0.021660 0.013160 -0.012406 0.004188 -0.011298 -0.027731 -0.039251 -0.025488 -0.008413 -0.013493 0.000881 -0.006368 -0.009563 -0.019312 -0.014704 -0.021763 -0.004065 -0.022231 -0.042188 -0.056580 
-0.054240 -0.053374 -0.066256 -0.067602 -0.076273 -0.075098 -0.067189 -0.076417 -0.063669 -0.052498 -0.052110 -0.045671 -0.028724 -0.024346 -0.005302 -0.006889 -0.007815 -0.004845 -0.007750 -0.017147 -0.022150 -0.028279 -0.040523 -0.023406 -0.016918 -0.000069 -0.001762 -0.000247 -0.001973 0.001184 0.003923 0.011564 0.018360 0.021660 0.013160 -0.012406 0.004188 -0.011298 -0.027731 -0.039251 -0.025488 -0.008413 -0.013493 0.000881 -0.006368 -0.009563 -0.019312 -0.014704 -0.021763 -0.004065 -0.022231 -0.042188 -0.056580 
-0.054240 -0.053374 -0.066256 -0.067602 -0.076273 -0.075098 -0.067189 -0.076417 -0.063669 -0.052498 -0.052110 -0.045671 -0.028724 -0.024346 -0.005302 -0.006889 -0.007815 -0.004845 -0.007750 -0.017147 -0.022150 -0.028279 -0.040523 -0.023406 -0.016918 -0.000069 -0.001762 -0.000247 -0.001973 0.001184 0.003923 0.011564 0.018360 0.021660 0.013160 -0.012406 0.004188 -0.011298 -0.027731 -0.039251 -0.025488 -0.008413 -0.013493 0.000881 -0.006368 -0.009563 -0.019312 -0.014704 -0.021763 -0.004065 -0.022231 -0.042188 -0.056580 
-0.054240 -0.053374 -0.066256 -0.067602 -0.076273 -0.075098 -0.067189 -0.076417 -0.063669 -0.052498 -0.052110 -0.045671 -0.028724 -0.024346 -0.005302 -0.006889 -0.007815 -0.004845 -0.007750 -0.017147 -0.022150 -0.028279 -0.040523 -0.023406 -0.016918 -0.000069 -0.001762 -0.000247 -0.001973 0.001184 0.003923 0.011564 0.018360 0.021660 0.013160 -0.012406 0.004188 -0.011298 -0.027731 -0.039251 -0.025488 -0.008413 -0.013493 0.000881 -0.006368 -0.009563 -0.019312 -0.014704 -0.021763 -0.004065 -0.022231 -0.042188 -0.056580 
-0.054240 -0.053374 -0.066256 -0.067602 -0.076273 -0.075098 -0.067189 -0.076417 -0.063669 -0.052498 -0.052110 -0.045671 -0.028724 -0.024346 -0.005302 -0.006889 -0.007815 -0.004845 -0.007750 -0.017147 -0.022150 -0.028279 -0.040523 -0.023406 -0.016918 -0.000069 -0.001762 -0.000247 -0.001973 0.001184 0.003923 0.011564 0.018360 0.021660 0.013160 -0.012406 0.004188 -0.011298 -0.027731 -0.039251 -0.025488 -0.008413 -0.013493 0.000881 -0.006368 -0.009563 -0.019312 -0.014704 -0.021763 -0.004065 -0.022231 -0.042188 -0.056580 
-0.054240 -0.053374 -0.066256 -0.067602 -0.076273 -0.075098 -0.067189 -0.076417 -0.063669 -0.052498 -0.052110 -0.045671 -0.028724 -0.024346 -0.005302 -0.006889 -0.007815 -0.004845 -0.007750 -0.017147 -0.022150 -0.028279 -0.040523 -0.023406 -0.016918 -0.000069 -0.001762 -0.000247 -0.001973 0.001184 0.003923 0.011564 0.018360 0.021660 0.013160 -0.012406 0.004188 -0.011298 -0.027731 -0.039251 -0.025488 -0.008413 -0.013493 0.000881 -0.006368 -0.009563 -0.019312 -0.014704 -0.021763 -0.004065 -0.022231 -0.042188 -0.056580 
-0.060714 -0.065483 -0.084225 -0.079430 -0.086307 -0.081742 -0.074827 -0.086251 -0.076674 -0.061074 -0.062112 -0.060350 -0.045496 -0.040711 -0.025156 -0.021396 -0.024621 -0.025834 -0.023887 -0.033821 -0.042748 -0.047954 -0.057095 -0.031691 -0.032446 -0.014299 -0.021124 -0.016782 -0.015285 -0.005235 -0.005988 0.007262 0.022461 0.025899 0.018728 -0.004979 0.009770 -0.006288 -0.017092 -0.032701 -0.014773 0.003048 -0.002142 0.013247 0.002136 0.004085 -0.007352 0.001976 -0.006358 0.010974 -0.011779 -0.031053 -0.051637 
